# N: 119, a: 0.2004394263899432
0.581740 0.738316 0.181746
0.818575 0.209546 0.633097
0.124417 0.728359 0.710883
0.810706 0.448614 0.971391
0.951751 0.056943 0.595696
0.117689 0.517570 0.699373
0.168133 0.476491 0.928636
0.562899 0.153504 0.696099
0.093611 0.604505 0.129131
0.379232 0.575551 0.486956
0.653390 0.350182 0.702240
0.947162 0.863379 0.804219
0.895257 0.468778 0.224210
0.232487 0.174071 0.982638
0.662516 0.843356 0.553036
0.654955 0.242553 0.520120
0.720287 0.333708 0.131282
0.744347 0.196728 0.331423
0.840111 0.688930 0.857819
0.388614 0.240575 0.108693
0.282961 0.309770 0.810667
0.449451 0.232205 0.488526
0.818964 0.800008 0.423829
0.572432 0.431761 0.013736
0.929314 0.854145 0.586311
0.709240 0.536475 0.148196
0.583247 0.749408 0.385847
0.228291 0.793916 0.080058
0.852154 0.009989 0.416472
0.215955 0.948157 0.874392
0.163523 0.119005 0.773911
0.506894 0.603650 0.642747
0.061853 0.309843 0.662031
0.166398 0.108900 0.563413
0.988357 0.028927 0.156911
0.846573 0.994141 0.946485
0.427239 0.491993 0.154565
0.885393 0.624608 0.056352
0.548334 0.341439 0.249012
0.456660 0.370710 0.667784
0.473708 0.671485 0.957251
0.417000 0.886277 0.911788
0.005196 0.398364 0.044705
0.348127 0.182352 0.663155
0.909351 0.696421 0.262570
0.365451 0.083088 0.836752
0.392336 0.388872 0.365856
0.892499 0.498188 0.433420
0.651576 0.939192 0.364158
0.854055 0.304898 0.812116
0.242463 0.508771 0.306463
0.539628 0.921365 0.753567
0.482772 0.272142 0.854890
0.796930 0.093751 0.157044
0.350574 0.762540 0.420005
0.045727 0.827475 0.173681
0.626198 0.931057 0.129458
0.882475 0.213233 0.999275
0.049435 0.566941 0.327495
0.524319 0.150664 0.310089
0.239600 0.924689 0.342580
0.358585 0.761772 0.720291
0.282477 0.596038 0.052628
0.277189 0.226045 0.336534
0.454585 0.908779 0.327823
0.072994 0.367109 0.248125
0.138074 0.096463 0.272653
0.032196 0.739362 0.429170
0.717171 0.542905 0.528878
0.451255 0.867242 0.576800
0.873566 0.295998 0.454525
0.376761 0.423269 0.964663
0.210398 0.379297 0.099181
0.071544 0.285109 0.871277
0.864953 0.454695 0.647129
0.553677 0.557987 0.317833
0.078203 0.219090 0.111024
0.870281 0.895196 0.248290
0.712699 0.549131 0.747584
0.258483 0.318391 0.537828
0.800778 0.700463 0.636140
0.521053 0.504358 0.819401
0.694427 0.271050 0.929630
0.730874 0.425301 0.337350
0.745946 0.020359 0.624796
0.047915 0.644130 0.921775
0.963275 0.116071 0.788547
0.044114 0.079734 0.969179
0.556657 0.055132 0.501715
0.601098 0.721423 0.798254
0.069839 0.844970 0.965251
0.938520 0.213207 0.276960
0.074280 0.418078 0.461689
0.740925 0.626541 0.346912
0.247651 0.729414 0.887287
0.322621 0.548229 0.707461
0.665515 0.606045 0.953047
0.181448 0.731381 0.290199
0.608683 0.160261 0.118182
0.342215 0.066604 0.218050
0.077216 0.220712 0.422837
0.161362 0.595634 0.498666
0.541784 0.438227 0.492831
0.439967 0.061403 0.021703
0.756561 0.108301 0.806002
0.853251 0.825106 0.055632
0.337820 0.052795 0.474009
0.958314 0.477646 0.827532
0.366270 0.678556 0.220006
0.308325 0.968846 0.680066
0.182828 0.991734 0.105362
0.746626 0.872953 0.780998
0.206722 0.842348 0.549017
0.042464 0.950011 0.448283
0.984135 0.627990 0.593848
0.628889 0.008333 0.935333
0.097097 0.946651 0.682959
0.659314 0.805576 0.973174
0.399463 0.889645 0.133167
