# N: 107, a: 0.2006663213844483
0.768972 0.833367 0.983025
0.327776 0.612191 0.742140
0.994470 0.808172 0.619571
0.602471 0.093391 0.455044
0.977147 0.129684 0.497205
0.111277 0.170312 0.641819
0.517514 0.297688 0.023435
0.216701 0.400840 0.144880
0.539358 0.944446 0.255556
0.775312 0.739404 0.654290
0.085701 0.247027 0.109873
0.579937 0.100698 0.803576
0.240208 0.752051 0.925510
0.350404 0.617716 0.439302
0.522459 0.556789 0.816531
0.711991 0.970183 0.655617
0.598148 0.352457 0.791291
0.190432 0.178922 0.411159
0.198381 0.637506 0.303397
0.726408 0.676598 0.331052
0.986682 0.307752 0.722995
0.525368 0.699547 0.366699
0.583168 0.749604 0.714243
0.939404 0.008675 0.105078
0.450363 0.977244 0.705303
0.581237 0.273935 0.366413
0.928625 0.322093 0.444296
0.718289 0.373225 0.155221
0.767439 0.195306 0.539325
0.172338 0.990257 0.342234
0.836679 0.678085 0.853385
0.982861 0.074492 0.899908
0.342636 0.007301 0.203040
0.091457 0.722749 0.791305
0.932733 0.310881 0.966250
0.608095 0.531892 0.458672
0.437834 0.784699 0.884981
0.736700 0.959432 0.136747
0.815607 0.611056 0.499245
0.172919 0.179697 0.852908
0.796379 0.557504 0.121739
0.290854 0.822496 0.342900
0.740633 0.979687 0.348591
0.924779 0.036873 0.669104
0.263593 0.213796 0.221352
0.440678 0.133932 0.331535
0.363448 0.406828 0.772819
0.300639 0.210163 0.588193
0.456199 0.904268 0.045084
0.001649 0.177555 0.294388
0.267111 0.455936 0.573911
0.096362 0.861903 0.202795
0.247307 0.548191 0.944660
0.520396 0.095287 0.006244
0.345702 0.555847 0.181281
0.001043 0.500513 0.120290
0.430454 0.375689 0.225318
0.833939 0.425239 0.820699
0.263626 0.383079 0.344677
0.649679 0.807695 0.487148
0.451842 0.591436 0.010368
0.713636 0.306931 0.960137
0.326773 0.191769 0.022647
0.093873 0.974206 0.554916
0.780562 0.202602 0.327091
0.291235 0.997135 0.867380
0.670097 0.513251 0.948178
0.174118 0.719049 0.575834
0.827825 0.192227 0.096226
0.637225 0.364039 0.567296
0.608680 0.916603 0.878167
0.270908 0.830534 0.108747
0.443927 0.398391 0.482582
0.102103 0.546849 0.497512
0.059941 0.445299 0.327285
0.662329 0.734161 0.140696
0.127891 0.451312 0.736742
0.779529 0.062352 0.935759
0.850204 0.815793 0.421638
0.042179 0.526428 0.905288
0.909260 0.345499 0.218271
0.070997 0.894746 0.998656
0.366100 0.205027 0.781856
0.931271 0.615189 0.279808
0.636865 0.162255 0.158454
0.515321 0.212383 0.633028
0.960288 0.976005 0.346771
0.155662 0.640058 0.097790
0.961101 0.709446 0.088708
0.280935 0.831130 0.725439
0.087890 0.967186 0.763413
0.886504 0.888071 0.799902
0.147956 0.354361 0.950378
0.414212 0.986185 0.470246
0.447421 0.734270 0.166867
0.841399 0.401067 0.616826
0.767480 0.420480 0.354875
0.698975 0.529085 0.684323
0.622735 0.707382 0.917098
0.577971 0.516828 0.178634
0.452757 0.779034 0.536472
0.067712 0.795591 0.395382
0.475667 0.582967 0.606657
0.842307 0.178933 0.784382
0.941365 0.610362 0.662449
0.175715 0.059772 0.052465
0.255943 0.027065 0.668095
