# N: 59, a: 0.2009230383888044
0.256334 0.560398 0.661496
0.809909 0.584291 0.127672
0.483016 0.986248 0.678055
0.040428 0.912123 0.551481
0.136419 0.285795 0.441736
0.061292 0.336740 0.663835
0.350866 0.067218 0.325518
0.428236 0.602823 0.849298
0.990499 0.569187 0.611694
0.161847 0.843189 0.043784
0.474288 0.854645 0.221020
0.710208 0.383036 0.224356
0.614757 0.381400 0.837693
0.817543 0.112378 0.648346
0.681711 0.894710 0.699813
0.195397 0.504853 0.444973
0.811101 0.500752 0.898057
0.096078 0.605734 0.816874
0.696885 0.714763 0.851136
0.648135 0.047618 0.828649
0.399465 0.892801 0.461959
0.380241 0.785978 0.999405
0.171723 0.306552 0.910954
0.866281 0.188053 0.350462
0.426200 0.469663 0.282802
0.238196 0.415546 0.188030
0.394194 0.368108 0.597783
0.603516 0.320532 0.589633
0.712816 0.174287 0.481251
0.841752 0.725895 0.326592
0.856493 0.956131 0.386821
0.546658 0.765502 0.581811
0.607175 0.700352 0.329568
0.274399 0.801344 0.696249
0.399853 0.424207 0.961877
0.763886 0.765305 0.534194
0.226382 0.048430 0.598624
0.038021 0.124301 0.878725
0.151663 0.018230 0.388209
0.926370 0.907982 0.816676
0.971599 0.734076 0.162977
0.790265 0.306101 0.728194
0.589384 0.579581 0.025790
0.127393 0.594399 0.245787
0.316187 0.685488 0.284966
0.534918 0.032392 0.993938
0.787997 0.545544 0.487610
0.333499 0.001635 0.121611
0.134060 0.171809 0.115208
0.386025 0.679478 0.487507
0.234184 0.950548 0.834615
0.992831 0.453770 0.105888
0.966221 0.411758 0.422982
0.350425 0.192186 0.742346
0.620025 0.991278 0.174019
0.929085 0.331895 0.883730
0.785166 0.881356 0.212527
0.950415 0.018621 0.104765
0.276893 0.131680 0.921164
