# N: 47, a: 0.2017539467988741
0.008198 0.586650 0.566457
0.871021 0.276090 0.086744
0.681116 0.374302 0.032245
0.717575 0.914935 0.169890
0.549112 0.304420 0.397797
0.155132 0.460181 0.731685
0.016595 0.324671 0.588476
0.687484 0.089167 0.270404
0.647471 0.865534 0.567035
0.978372 0.375548 0.376316
0.683240 0.630347 0.521932
0.810856 0.371199 0.580801
0.564517 0.942804 0.398780
0.276509 0.481203 0.309699
0.534055 0.719436 0.201557
0.863096 0.073469 0.859343
0.558125 0.346675 0.840691
0.990942 0.708729 0.334709
0.152531 0.232140 0.943463
0.206145 0.440643 0.062038
0.389388 0.456180 0.608167
0.201470 0.893040 0.926496
0.643606 0.546462 0.770439
0.524462 0.930503 0.996467
0.441675 0.180441 0.218314
0.975798 0.802916 0.138044
0.830150 0.688602 0.030547
0.186658 0.170027 0.151004
0.603368 0.165618 0.019179
0.002860 0.393363 0.985726
0.538794 0.711186 0.970675
0.118886 0.750859 0.524689
0.234803 0.720106 0.763028
0.699550 0.111914 0.541036
0.438321 0.711079 0.564059
0.717429 0.590807 0.269118
0.004074 0.743508 0.773980
0.163037 0.032716 0.564303
0.365711 0.148393 0.704455
0.596165 0.413634 0.568881
0.886375 0.369720 0.779553
0.160969 0.230655 0.366656
0.455801 0.958884 0.638462
0.078577 0.901141 0.340100
0.095358 0.564383 0.893776
0.348459 0.663161 0.019144
0.581722 0.035535 0.815902
