# N: 35, a: 0.2016103252321532
0.703965 0.668176 0.605802
0.850553 0.521506 0.737971
0.363380 0.380755 0.380375
0.502971 0.982977 0.361748
0.317586 0.310058 0.795580
0.460185 0.939088 0.119509
0.343986 0.043218 0.504765
0.011127 0.945000 0.212387
0.236439 0.762486 0.579065
0.666717 0.913017 0.522216
0.998338 0.341213 0.174946
0.168247 0.380617 0.911191
0.491763 0.829836 0.840552
0.330853 0.567211 0.123368
0.506414 0.205081 0.520197
0.866510 0.792036 0.046633
0.910367 0.264874 0.668111
0.233221 0.031789 0.175776
0.507847 0.523723 0.262037
0.535346 0.455850 0.495790
0.030662 0.154393 0.913463
0.577049 0.751236 0.054888
0.971814 0.011019 0.689575
0.934030 0.623157 0.196113
0.121511 0.164719 0.506364
0.658824 0.549180 0.092273
0.078174 0.671605 0.726302
0.682436 0.073836 0.854376
0.783669 0.821056 0.386059
0.510621 0.030325 0.652199
0.545302 0.730522 0.431745
0.099584 0.913047 0.009257
0.811018 0.158128 0.403271
0.228038 0.501812 0.562055
0.434057 0.476467 0.921815
