# N: 23, a: 0.2045855377065073
0.343706 0.738513 0.777606
0.105535 0.132174 0.342213
0.477412 0.915525 0.995541
0.409831 0.874398 0.345618
0.618297 0.092654 0.274975
0.923288 0.924668 0.749025
0.151578 0.382128 0.612290
0.917118 0.967046 0.084236
0.702653 0.500000 0.294996
0.177079 0.141651 0.800537
0.666824 0.744013 0.087266
0.712360 0.949860 0.101370
0.199188 0.870597 0.459439
0.996325 0.569493 0.944205
0.525490 0.386799 0.887862
0.031328 0.462246 0.390752
0.121134 0.742038 0.811391
0.949988 0.881563 0.372204
0.374625 0.621724 0.967470
0.203860 0.872433 0.211160
0.346580 0.371726 0.211531
0.521402 0.378094 0.654457
0.941719 0.754677 0.027878
