# N: 71, a: 0.2010668785209012
0.234840 0.017417 0.418858
0.054187 0.349744 0.461076
0.307434 0.725663 0.082536
0.801374 0.889333 0.285583
0.570047 0.514226 0.357459
0.408911 0.737359 0.863367
0.805722 0.033622 0.490108
0.253285 0.049845 0.975912
0.754091 0.953731 0.009870
0.326404 0.888267 0.759008
0.994941 0.677615 0.451675
0.196703 0.150984 0.189391
0.353125 0.368626 0.719410
0.700697 0.780870 0.592943
0.924991 0.226648 0.741942
0.283298 0.676960 0.314178
0.235192 0.361019 0.091530
0.882143 0.373627 0.591752
0.675314 0.292560 0.850398
0.828644 0.154678 0.999220
0.106198 0.377347 0.821753
0.633913 0.822085 0.109861
0.247464 0.544932 0.885040
0.500584 0.625910 0.094633
0.886860 0.119730 0.270028
0.421544 0.948783 0.589078
0.618988 0.714316 0.305072
0.968826 0.890569 0.608935
0.514923 0.925011 0.969685
0.198061 0.808296 0.450697
0.518299 0.167101 0.872027
0.079496 0.251339 0.991306
0.394573 0.758837 0.473153
0.750715 0.541035 0.446835
0.132887 0.958867 0.775235
0.670404 0.494756 0.925583
0.504135 0.236216 0.671849
0.405952 0.138666 0.091650
0.072653 0.546876 0.063623
0.486313 0.499390 0.825826
0.959520 0.325182 0.238729
0.567775 0.853088 0.767810
0.105878 0.694903 0.219972
0.463101 0.609067 0.619300
0.017247 0.893416 0.361307
0.901194 0.651965 0.060035
0.303390 0.181697 0.652833
0.441600 0.971675 0.251221
0.126761 0.707098 0.648200
0.425308 0.385442 0.999524
0.036647 0.649481 0.854471
0.665835 0.702959 0.910400
0.684877 0.030286 0.718419
0.708864 0.535769 0.731061
0.091995 0.519579 0.568551
0.854026 0.456800 0.081418
0.238938 0.257578 0.454354
0.720728 0.286858 0.185080
0.115054 0.946260 0.141163
0.758973 0.580312 0.210448
0.756330 0.233320 0.387883
0.889742 0.470551 0.792171
0.629414 0.937080 0.485308
0.395479 0.522933 0.249635
0.711960 0.079805 0.178978
0.896209 0.798492 0.842979
0.205087 0.423775 0.321110
0.109066 0.118616 0.594924
0.523304 0.295333 0.470251
0.032544 0.958198 0.951055
0.674136 0.365958 0.595098
