# N: 95, a: 0.2004218148247087
0.959731 0.309387 0.683312
0.787220 0.283071 0.211522
0.282415 0.997723 0.297939
0.587376 0.931408 0.876117
0.953806 0.743682 0.015387
0.645715 0.391289 0.108637
0.107613 0.741470 0.659459
0.846655 0.691341 0.204006
0.290436 0.070056 0.981296
0.298972 0.227817 0.395581
0.909383 0.891104 0.144852
0.541101 0.125296 0.609220
0.321930 0.719073 0.607121
0.714932 0.817825 0.307177
0.745239 0.763896 0.951731
0.407599 0.176404 0.192527
0.510663 0.647743 0.785983
0.601326 0.289513 0.936170
0.803380 0.479786 0.246326
0.521546 0.832565 0.656163
0.731535 0.607392 0.784139
0.527571 0.003379 0.297307
0.543858 0.398600 0.563674
0.110925 0.121315 0.425869
0.474229 0.783030 0.955597
0.051694 0.749357 0.207391
0.031619 0.544202 0.060970
0.938782 0.421741 0.406932
0.262127 0.778308 0.231181
0.126207 0.670713 0.395202
0.387586 0.263893 0.012782
0.200210 0.929297 0.708875
0.444809 0.453000 0.124132
0.764598 0.394852 0.878474
0.226414 0.339999 0.742078
0.055785 0.535706 0.262332
0.446351 0.653882 0.391642
0.594771 0.573004 0.957552
0.618846 0.977407 0.477974
0.220415 0.416205 0.100888
0.642235 0.926350 0.082988
0.722190 0.712052 0.599893
0.284935 0.549503 0.810698
0.483432 0.441164 0.344203
0.091657 0.903064 0.522420
0.111969 0.372474 0.525811
0.234114 0.136789 0.728135
0.381716 0.263739 0.622618
0.741912 0.600274 0.428308
0.000317 0.087573 0.602231
0.943895 0.515508 0.816891
0.514243 0.200974 0.424529
0.606677 0.592074 0.202473
0.480611 0.781729 0.211755
0.933446 0.790113 0.398910
0.439456 0.888391 0.466671
0.688396 0.312100 0.694640
0.765337 0.450538 0.569516
0.794894 0.967210 0.928744
0.836943 0.973669 0.455258
0.594271 0.125729 0.814304
0.260748 0.859197 0.996324
0.006475 0.355949 0.148163
0.692028 0.955643 0.696118
0.712500 0.164439 0.381842
0.957084 0.322559 0.884687
0.817280 0.221576 0.569307
0.026313 0.998725 0.291346
0.483666 0.056687 0.041649
0.826558 0.581968 0.993574
0.935459 0.175308 0.092334
0.130667 0.338945 0.309823
0.122961 0.454904 0.887699
0.258132 0.478226 0.397174
0.914764 0.176810 0.388181
0.165133 0.138236 0.196058
0.520130 0.639573 0.585597
0.915687 0.869497 0.615612
0.298534 0.592897 0.020786
0.398015 0.033650 0.790663
0.736280 0.147125 0.058814
0.933996 0.606646 0.610997
0.942203 0.828975 0.823088
0.316882 0.064015 0.516277
0.118912 0.197676 0.894158
0.677673 0.373266 0.362640
0.152763 0.742077 0.855963
0.323291 0.580083 0.227117
0.781912 0.194436 0.830516
0.033920 0.014201 0.813876
0.446069 0.382174 0.802525
0.771835 0.036281 0.229050
0.350363 0.465288 0.587220
0.063842 0.008899 0.025433
0.149385 0.521162 0.662585
