# N: 83, a: 0.2008639912356435
0.782014 0.349154 0.417385
0.452677 0.244524 0.216435
0.940269 0.295082 0.970184
0.728074 0.998260 0.261142
0.565089 0.898011 0.919852
0.744421 0.796064 0.775301
0.924928 0.958504 0.177735
0.056894 0.938599 0.660680
0.769915 0.119737 0.546814
0.837007 0.747906 0.168401
0.925800 0.028172 0.404525
0.644397 0.489083 0.326472
0.487389 0.455944 0.566345
0.225716 0.325037 0.801811
0.386672 0.242110 0.013463
0.590072 0.258372 0.689385
0.872774 0.755066 0.932290
0.608910 0.146721 0.421926
0.164620 0.783753 0.322896
0.697515 0.495716 0.097230
0.357868 0.546853 0.746824
0.587063 0.681308 0.664307
0.106807 0.333394 0.290136
0.773595 0.537667 0.862331
0.970882 0.227293 0.440232
0.509134 0.492919 0.169986
0.126392 0.446772 0.933351
0.934754 0.154296 0.778619
0.940532 0.813112 0.442335
0.924316 0.507831 0.993770
0.891433 0.407662 0.198599
0.355799 0.889982 0.213249
0.154078 0.498437 0.146797
0.136545 0.408355 0.489546
0.031527 0.707598 0.754397
0.842491 0.547406 0.348440
0.446560 0.714254 0.827132
0.197263 0.642592 0.886046
0.104601 0.198506 0.609915
0.432551 0.036730 0.630628
0.372848 0.444714 0.341023
0.259613 0.928734 0.896794
0.186068 0.237783 0.043533
0.448315 0.279021 0.460000
0.636411 0.929482 0.438827
0.942467 0.342486 0.609500
0.555707 0.356187 0.973103
0.414220 0.044474 0.368853
0.359600 0.754625 0.007878
0.975093 0.498757 0.795523
0.933806 0.193163 0.193858
0.735167 0.259419 0.835567
0.319342 0.671762 0.201579
0.237619 0.085650 0.713853
0.230426 0.224591 0.413970
0.413796 0.008026 0.005923
0.741116 0.052183 0.812599
0.419614 0.783396 0.612579
0.813556 0.926353 0.603788
0.719245 0.747008 0.514886
0.215887 0.941729 0.487578
0.587699 0.619653 0.963962
0.129866 0.040493 0.296654
0.636509 0.782841 0.127931
0.466773 0.148238 0.841781
0.150445 0.783291 0.120585
0.456803 0.847599 0.392689
0.146812 0.538347 0.643394
0.864296 0.084143 0.023130
0.582028 0.474228 0.782895
0.596434 0.919020 0.705997
0.045172 0.857743 0.960801
0.725777 0.406631 0.630300
0.203158 0.982702 0.101581
0.351685 0.433172 0.918218
0.732838 0.285162 0.184901
0.163141 0.741783 0.538964
0.637825 0.173100 0.020870
0.329164 0.308634 0.620644
0.518562 0.655026 0.470759
0.002568 0.616724 0.228288
0.937016 0.593831 0.524145
0.274607 0.612091 0.412056
